<ipython-input-1-59233c2b2391>:98: RuntimeWarning: divide by zero encountered in divide
  tx = (x - x0theta[j,0])/a
<ipython-input-1-59233c2b2391>:98: RuntimeWarning: invalid value encountered in divide
  tx = (x - x0theta[j,0])/a
1 (50, 1, 75, 55) 31.88428283991836 (10, 10)
2 (50, 2, 75, 55) 42.528740156773324 (10, 10)
3 (50, 1, 75, 60) 46.66707094707082 (10, 10)
4 (50, 2, 75, 60) 48.31252352577219 (10, 10)
5 (50, 3, 25, 40) 68.0497194765099 (10, 10)
6 (50, 1, 65, 55) 77.7433152968374 (10, 10)
7 (50, 2, 65, 55) 78.65475694974955 (10, 10)
8 (50, 4, 35, 40) 81.8510056251662 (10, 10)
9 (50, 1, 75, 65) 87.68711478838763 (10, 10)
10 (50, 3, 75, 60) 91.54148780727208 (10, 10)
11 (50, 2, 75, 65) 92.59024314736556 (10, 10)
12 (50, 3, 75, 55) 94.24910662177707 (10, 10)
13 (50, 1, 70, 55) 103.63864939362618 (10, 10)
14 (50, 1, 65, 60) 105.25320861637331 (10, 10)
15 (50, 4, 40, 45) 106.52134439195737 (10, 10)
16 (50, 2, 70, 55) 107.66647662206131 (10, 10)
17 (50, 1, 75, 70) 108.96667668645674 (10, 10)
18 (50, 2, 65, 60) 119.35471411116092 (10, 10)
19 (50, 1, 55, 55) 119.7741093029527 (10, 10)
20 (50, 1, 65, 65) 121.45884457083014 (10, 10)
21 (50, 3, 75, 65) 122.86383660194925 (10, 10)
22 (50, 3, 70, 55) 135.935166301028 (10, 10)
23 (50, 1, 75, 75) 136.0718872909365 (10, 10)
24 (50, 3, 65, 55) 136.28722607121637 (10, 10)
25 (50, 3, 30, 45) 138.6056000572346 (10, 10)
26 (50, 2, 75, 70) 142.71655677924903 (10, 10)
27 (50, 4, 35, 45) 156.05508035242525 (10, 10)
28 (50, 1, 75, 45) 177.37938489711416 (10, 10)
29 (50, 1, 70, 45) 180.93699536879106 (10, 10)
30 (50, 1, 65, 45) 182.13748131783655 (10, 10)
31 (50, 2, 55, 55) 182.66137223384632 (10, 10)
32 (50, 1, 60, 45) 188.06755299238972 (10, 10)